1001100100000001
0100100000011000
1000100000011101
0110000100000000
1010000000000110
1000000000001010
0100000100010001
1000000000000001
0010000000000000
0010000000000000
0110000100000000
0110001000000000
0110001100000000
1010100100000100
0011001000010000
0100100100010001
0011001100010000
0101001000100011
0101001100110010
0000101000100011
0100000100011001
0011101000010000
1010101100000000
1010101000000000
1010100100000000
1010100000000000
1001000000000000
0010000000000000
0010000000000000
1011000100001000
1011000100001001
1011000100001010
1011000100001011
1011000100001100
1011000100001101
1011000100001110
1011000100001111